0,312
1474,3
1474,2
1474,1
1474,0
1473,3
1473,2
1473,1
1473,0
0,308
1472,3
1472,2
1472,1
1472,0
1471,3
1471,2
1471,1
1471,0
1470,3
1470,2
1470,1
1470,0
1469,4
1469,3
1469,2
1469,1
1469,0
1468,4
1468,3
1468,2
1468,1
1468,0
1467,3
1467,2
1467,1
1467,0
0,306
1466,3
1466,2
1466,1
1466,0
1465,3
1465,2
1465,1
1465,0
1464,3
1464,2
1464,1
1464,0
1463,3
1463,2
1463,1
1463,0
1462,3
1462,2
1462,1
1462,0
0,304
1461,4
1461,3
1461,2
1461,1
1461,0
1460,4
1460,3
1460,2
1460,1
1460,0
1459,3
1459,2
1459,1
1459,0
0,302
0,508
1458,3
1458,2
1458,1
1458,0
1457,3
1457,2
1457,1
1457,0
1456,3
1456,2
1456,1
1456,0
1455,3
1455,2
1455,1
1455,0
1454,3
1454,2
1454,1
1454,0
1453,4
1453,3
1453,2
1453,1
1453,0
1452,4
1452,3
1452,2
1452,1
1452,0
1451,3
1451,2
1451,1
1451,0
1450,3
1450,2
1450,1
1450,0
1449,3
1449,2
1449,1
1449,0
1448,3
1448,2
1448,1
1448,0
1447,3
1447,2
1447,1
1447,0
1446,3
1446,2
1446,1
1446,0
1445,4
1445,3
1445,2
1445,1
1445,0
1444,4
1444,3
1444,2
1444,1
1444,0
1443,3
1443,2
1443,1
1443,0
0,505
1442,3
1442,2
1442,1
1442,0
1441,3
1441,2
1441,1
1441,0
1440,3
1440,2
1440,1
1440,0
1439,3
1439,2
1439,1
1439,0
1438,3
1438,2
1438,1
1438,0
1437,4
1437,3
1437,2
1437,1
1437,0
0,504
1436,4
1436,3
1436,2
1436,1
1436,0
1435,3
1435,2
1435,1
1435,0
1434,3
1434,2
1434,1
1434,0
1433,3
1433,2
1433,1
1433,0
1432,3
1432,2
1432,1
1432,0
1431,3
1431,2
1431,1
1431,0
1430,3
1430,2
1430,1
1430,0
1429,4
1429,3
1429,2
1429,1
1429,0
1428,4
1428,3
1428,2
1428,1
1428,0
1427,3
1427,2
1427,1
1427,0
0,496
1426,3
1426,2
1426,1
1426,0
1425,3
1425,2
1425,1
1425,0
1424,3
1424,2
1424,1
1424,0
1423,3
1423,2
1423,1
1423,0
1422,3
1422,2
1422,1
1422,0
1421,4
1421,3
1421,2
1421,1
1421,0
1420,4
1420,3
1420,2
1420,1
1420,0
1419,3
1419,2
1419,1
1419,0
1418,3
1418,2
1418,1
1418,0
1417,3
1417,2
1417,1
1417,0
1416,3
1416,2
1416,1
1416,0
1415,3
1415,2
1415,1
1415,0
1414,3
1414,2
1414,1
1414,0
0,495
1413,4
1413,3
1413,2
1413,1
1413,0
1412,4
1412,3
1412,2
1412,1
1412,0
1411,3
1411,2
1411,1
1411,0
0,488
1410,3
1410,2
